# t  T  m  m2  e_per_site  q
0  2.50000000  0.8632812500  0.7478332520  -1.6328125000  0.8632812500
1  2.50000000  0.7695312500  0.5956115723  -1.4609375000  0.7695312500
2  2.50000000  0.7851562500  0.6177062988  -1.4062500000  0.7851562500
3  2.50000000  0.6679687500  0.4573059082  -1.3359375000  0.6679687500
4  2.50000000  0.7265625000  0.5435180664  -1.4453125000  0.7265625000
5  2.50000000  0.6250000000  0.3921508789  -1.2656250000  0.6250000000
6  2.50000000  0.5664062500  0.3215637207  -1.1250000000  0.5664062500
7  2.50000000  0.4960937500  0.2528381348  -1.1171875000  0.4960937500
8  2.50000000  0.4804687500  0.2309875488  -1.1953125000  0.4804687500
9  2.50000000  0.5156250000  0.2719726562  -1.1328125000  0.5156250000
10  2.50000000  0.4375000000  0.2463378906  -1.2187500000  0.4375000000
11  2.50000000  0.5000000000  0.3291015625  -1.3437500000  0.5000000000
12  2.50000000  0.5234375000  0.3218383789  -1.1796875000  0.5234375000
13  2.50000000  0.4492187500  0.2479553223  -1.1875000000  0.4492187500
14  2.50000000  0.3515625000  0.1480102539  -1.0312500000  0.3515625000
15  2.50000000  0.1757812500  0.0420227051  -1.0000000000  0.1757812500
16  2.50000000  0.1718750000  0.0539550781  -1.0078125000  0.1718750000
17  2.50000000  0.1328125000  0.0279541016  -1.0000000000  0.1015625000
18  2.50000000  0.1523437500  0.0257873535  -1.0078125000  0.0507812500
19  2.50000000  0.1132812500  0.0239562988  -1.0234375000  -0.1054687500
20  2.50000000  0.1015625000  0.0118408203  -0.9609375000  -0.1015625000
21  2.50000000  0.0859375000  0.0083618164  -0.8984375000  -0.0312500000
22  2.50000000  0.1601562500  0.0403137207  -0.8906250000  -0.1210937500
23  2.50000000  0.3945312500  0.1600646973  -1.0078125000  -0.0664062500
24  2.50000000  0.4296875000  0.2115478516  -1.1093750000  -0.1640625000
25  2.50000000  0.3007812500  0.1136779785  -1.1406250000  -0.1523437500
26  2.50000000  0.3320312500  0.1146545410  -1.0859375000  -0.0664062500
27  2.50000000  0.3984375000  0.1597290039  -1.0937500000  -0.0312500000
28  2.50000000  0.3554687500  0.1429748535  -1.1171875000  -0.1289062500
29  2.50000000  0.2773437500  0.1454162598  -1.0546875000  -0.2773437500
30  2.50000000  0.2421875000  0.0830688477  -0.9687500000  -0.1562500000
31  2.50000000  0.1796875000  0.0618286133  -1.0859375000  -0.1718750000
32  2.50000000  0.0625000000  0.0068969727  -0.9843750000  -0.0625000000
33  2.50000000  0.0468750000  0.0024414062  -1.0000000000  -0.0156250000
34  2.50000000  0.1132812500  0.0154113770  -1.0312500000  0.1132812500
35  2.50000000  0.1445312500  0.0395812988  -0.9453125000  0.1445312500
36  2.50000000  0.1210937500  0.0227355957  -0.8437500000  -0.1210937500
37  2.50000000  0.2304687500  0.0531311035  -0.9531250000  -0.0039062500
38  2.50000000  0.2109375000  0.0518798828  -1.0078125000  0.0859375000
39  2.50000000  0.1992187500  0.0415344238  -1.0468750000  -0.0429687500
40  2.50000000  0.1757812500  0.0312805176  -1.0781250000  -0.1757812500
41  2.50000000  0.0546875000  0.0045166016  -0.9609375000  -0.0546875000
42  2.50000000  0.1328125000  0.0198364258  -0.9453125000  -0.1328125000
43  2.50000000  0.2890625000  0.0845336914  -0.9375000000  -0.2890625000
44  2.50000000  0.2890625000  0.0857543945  -1.0156250000  -0.2890625000
45  2.50000000  0.4179687500  0.1754455566  -1.1093750000  -0.4179687500
46  2.50000000  0.5742187500  0.3331604004  -1.1250000000  -0.5742187500
47  2.50000000  0.3671875000  0.1350708008  -0.9375000000  -0.3671875000
48  2.50000000  0.2890625000  0.0845336914  -1.0312500000  -0.2890625000
49  2.50000000  0.2539062500  0.0810852051  -0.9765625000  -0.2539062500
50  2.50000000  0.2617187500  0.0831604004  -1.1015625000  -0.2617187500
51  2.50000000  0.1679687500  0.0538635254  -1.1171875000  -0.1601562500
52  2.50000000  0.1718750000  0.0356445312  -1.1093750000  -0.1718750000
53  2.50000000  0.1757812500  0.0310363770  -1.1015625000  -0.1757812500
54  2.50000000  0.2304687500  0.0740051270  -1.0781250000  -0.2304687500
55  2.50000000  0.2343750000  0.0994262695  -1.0390625000  -0.2109375000
56  2.50000000  0.1679687500  0.0538635254  -1.1171875000  -0.1601562500
57  2.50000000  0.3632812500  0.1781311035  -1.2734375000  -0.3632812500
58  2.50000000  0.3945312500  0.2508850098  -1.1328125000  -0.3085937500
59  2.50000000  0.5000000000  0.3381347656  -1.1875000000  -0.2968750000
60  2.50000000  0.5703125000  0.3731079102  -1.2031250000  -0.2187500000
61  2.50000000  0.5742187500  0.3506164551  -1.1796875000  -0.1445312500
62  2.50000000  0.4882812500  0.2640686035  -1.1406250000  -0.1601562500
63  2.50000000  0.5507812500  0.3128967285  -1.1484375000  -0.0976562500
64  2.50000000  0.4062500000  0.2095336914  -1.0078125000  -0.2109375000
65  2.50000000  0.4687500000  0.2395019531  -1.0859375000  -0.1406250000
66  2.50000000  0.3515625000  0.1323852539  -0.9609375000  -0.0937500000
67  2.50000000  0.3476562500  0.1465148926  -1.0468750000  -0.1601562500
68  2.50000000  0.4218750000  0.1801757812  -1.1171875000  -0.0468750000
69  2.50000000  0.5234375000  0.2859497070  -1.2656250000  -0.1093750000
70  2.50000000  0.5000000000  0.2637329102  -1.1093750000  -0.1171875000
71  2.50000000  0.4218750000  0.1782226562  -1.2031250000  0.0156250000
72  2.50000000  0.2343750000  0.0725708008  -1.0781250000  0.1328125000
73  2.50000000  0.3554687500  0.1472473145  -1.0468750000  0.1445312500
74  2.50000000  0.3242187500  0.1955871582  -0.9687500000  0.3242187500
75  2.50000000  0.4726562500  0.2662658691  -1.1484375000  0.4726562500
76  2.50000000  0.4804687500  0.2565002441  -1.2656250000  0.4804687500
77  2.50000000  0.4843750000  0.2434082031  -1.1171875000  0.4843750000
78  2.50000000  0.4687500000  0.2199707031  -1.0625000000  0.4687500000
79  2.50000000  0.4335937500  0.1947326660  -1.1328125000  0.4335937500
80  2.50000000  0.4296875000  0.1920166016  -1.1093750000  0.4296875000
81  2.50000000  0.4726562500  0.2278137207  -1.2265625000  0.4726562500
82  2.50000000  0.4960937500  0.2468566895  -1.1953125000  0.4960937500
83  2.50000000  0.6367187500  0.4066467285  -1.2265625000  0.6367187500
84  2.50000000  0.6093750000  0.3715820312  -1.1562500000  0.6093750000
85  2.50000000  0.5976562500  0.3616027832  -1.1562500000  0.5976562500
86  2.50000000  0.6445312500  0.4179992676  -1.2500000000  0.6445312500
87  2.50000000  0.5117187500  0.2637023926  -1.1796875000  0.5117187500
88  2.50000000  0.3398437500  0.1173400879  -1.1484375000  0.3398437500
89  2.50000000  0.5000000000  0.2500610352  -1.1562500000  0.5000000000
90  2.50000000  0.4492187500  0.2019348145  -1.0390625000  0.4492187500
91  2.50000000  0.4492187500  0.2030334473  -1.1328125000  0.4492187500
92  2.50000000  0.4179687500  0.1893615723  -1.1953125000  0.4179687500
93  2.50000000  0.3437500000  0.1563110352  -1.1171875000  0.3437500000
94  2.50000000  0.4140625000  0.2066040039  -1.1484375000  0.4140625000
95  2.50000000  0.4843750000  0.2483520508  -1.1718750000  0.4843750000
96  2.50000000  0.6445312500  0.4363098145  -1.3046875000  0.6445312500
97  2.50000000  0.5820312500  0.3883361816  -1.2656250000  0.5820312500
98  2.50000000  0.5078125000  0.2991333008  -1.1953125000  0.5078125000
99  2.50000000  0.4335937500  0.2276916504  -1.1406250000  0.4335937500
